<?xml version="1.0"?>
<opencv_storage>
<calibration_time>"03/15/16 21:02:56"</calibration_time>
<image_width>780</image_width>
<image_height>580</image_height>
<board_width>7</board_width>
<board_height>6</board_height>
<square_size>1.</square_size>
<flags>0</flags>
<camera_matrix type_id="opencv-matrix">
  <rows>3</rows>
  <cols>3</cols>
  <dt>d</dt>
  <data>
    3.3736446071893788e+003 0. 3.2578320112644479e+002 0.
    2.0941852164407110e+003 2.8818966407554228e+002 0. 0. 1.</data></camera_matrix>
<distortion_coefficients type_id="opencv-matrix">
  <rows>5</rows>
  <cols>1</cols>
  <dt>d</dt>
  <data>
    2.9126588130227315e+001 4.2030152795419763e+003
    2.2439769422250649e-001 -1.2684200169394952e+000
    9.7192196132410640e+000</data></distortion_coefficients>
<avg_reprojection_error>3.8778713123165542e+000</avg_reprojection_error>
</opencv_storage>
