<?xml version="1.0"?>
<opencv_storage>
<calibration_time>"03/15/16 21:01:00"</calibration_time>
<image_width>640</image_width>
<image_height>480</image_height>
<board_width>7</board_width>
<board_height>6</board_height>
<square_size>1.</square_size>
<flags>0</flags>
<camera_matrix type_id="opencv-matrix">
  <rows>3</rows>
  <cols>3</cols>
  <dt>d</dt>
  <data>
    2.0584357082530502e+002 0. 3.7535838953802141e+002 0.
    2.0601144435161251e+002 2.7369262371916727e+002 0. 0. 1.</data></camera_matrix>
<distortion_coefficients type_id="opencv-matrix">
  <rows>5</rows>
  <cols>1</cols>
  <dt>d</dt>
  <data>
    5.0296462246672513e-001 -6.0583293531405583e-002
    2.7587336319352925e-003 -9.6656670987562525e-003
    7.0518315373849716e-001</data></distortion_coefficients>
<avg_reprojection_error>5.9868403918897806e-001</avg_reprojection_error>
</opencv_storage>
